A:1.10010010000111111011011
B:1.1001001001[001]
c:9